30 15
40 90
6 30
8 90
80 90
67 15
41 51
99 15
30 15
40 90
30 15
40 90
6 30
8 90
80 90
67 15
41 51
99 15
30 15
40 90
30 15
40 90
6 30
8 90
80 90
67 15
41 51
99 15
30 15
40 90
30 15
40 90
6 30
8 90
80 90
67 15
41 51
99 15
30 15
40 90
30 15
40 90
6 30
8 90
80 90
67 15
41 51
99 15
30 15
40 90
30 15
40 90
6 30
8 90
80 90
67 15
41 51
99 15
30 15
40 90
30 15
40 90
6 30
8 90
80 90
67 15
41 51
99 15
30 15
40 90
30 15
40 90
6 30
8 90
80 90
67 15
41 51
99 15
30 15
40 90
30 15
40 90
6 30
8 90
80 90
67 15
41 51
99 15
30 15
40 90
30 15
40 90
6 30
8 90
80 90
67 15
41 51
99 15
30 15
40 90